function sc= colorlis()

% sc=['#EEC79F';
%     '#F1DFA4';
%     '#74B69F'; '#A6CDE4';'#E2C8D8';
%     '#E58579';]
sc=[238,199,159;
    241,223,164;
    116,182,159;
    166,205,228;
    226,200,216;
    229,133,121]/255;

end